=== Correlation Analysis Report ===

Pearson Correlation (Linear Relationships):
                       strain  vibration  temperature   soil_ph  soil_clay_pct  soil_sand_pct  soil_organic_carbon     slope  elevation  risk_score
strain               1.000000   0.005074    -0.154655  0.085434      -0.062998       0.027412             0.106234 -0.178458   0.103189    0.890489
vibration            0.005074   1.000000     0.003528  0.108760      -0.029169      -0.066193            -0.140323  0.023480  -0.017510    0.432213
temperature         -0.154655   0.003528     1.000000  0.094618       0.028757       0.042423             0.071732  0.032479  -0.001086   -0.128529
soil_ph              0.085434   0.108760     0.094618  1.000000      -0.305308       0.183378            -0.064695 -0.080564   0.343872    0.074449
soil_clay_pct       -0.062998  -0.029169     0.028757 -0.305308       1.000000      -0.396181             0.094005 -0.125045  -0.140488    0.068237
soil_sand_pct        0.027412  -0.066193     0.042423  0.183378      -0.396181       1.000000            -0.056486 -0.014854   0.201793   -0.063193
soil_organic_carbon  0.106234  -0.140323     0.071732 -0.064695       0.094005      -0.056486             1.000000  0.022947  -0.010371    0.098486
slope               -0.178458   0.023480     0.032479 -0.080564      -0.125045      -0.014854             0.022947  1.000000  -0.003393   -0.114092
elevation            0.103189  -0.017510    -0.001086  0.343872      -0.140488       0.201793            -0.010371 -0.003393   1.000000    0.065014
risk_score           0.890489   0.432213    -0.128529  0.074449       0.068237      -0.063193             0.098486 -0.114092   0.065014    1.000000

Spearman Correlation (Monotonic Relationships):
                       strain  vibration  temperature   soil_ph  soil_clay_pct  soil_sand_pct  soil_organic_carbon     slope  elevation  risk_score
strain               1.000000  -0.009602    -0.088967  0.089217      -0.078343       0.036433             0.101838 -0.147566   0.084051    0.894772
vibration           -0.009602   1.000000    -0.007085  0.081665       0.034509      -0.071293            -0.167092  0.041661   0.014567    0.367504
temperature         -0.088967  -0.007085     1.000000  0.055068       0.041710       0.050505             0.055986  0.042463  -0.018780   -0.082691
soil_ph              0.089217   0.081665     0.055068  1.000000      -0.291941       0.183524            -0.076757 -0.029998   0.355566    0.082166
soil_clay_pct       -0.078343   0.034509     0.041710 -0.291941       1.000000      -0.372401             0.121727 -0.090101  -0.173848    0.047772
soil_sand_pct        0.036433  -0.071293     0.050505  0.183524      -0.372401       1.000000            -0.069212  0.004018   0.217226   -0.037478
soil_organic_carbon  0.101838  -0.167092     0.055986 -0.076757       0.121727      -0.069212             1.000000  0.045239  -0.013055    0.105158
slope               -0.147566   0.041661     0.042463 -0.029998      -0.090101       0.004018             0.045239  1.000000   0.006517   -0.073246
elevation            0.084051   0.014567    -0.018780  0.355566      -0.173848       0.217226            -0.013055  0.006517   1.000000    0.083196
risk_score           0.894772   0.367504    -0.082691  0.082166       0.047772      -0.037478             0.105158 -0.073246   0.083196    1.000000

=== Key Observations ===
1. Strong positive correlation between strain and vibration (expected as they often co-vary)
2. Soil clay percentage shows moderate correlation with risk score
3. Slope shows weak positive correlation with risk score
